58.098 97.584 26.625
25.454 26.307 9.505
79.347 90.143 63.216
99.205 88.889 73.174
48.347 68.657 71.251
43.260 20.425 7.841
22.989 91.935 37.695
78.112 35.910 27.422
99.032 1.438 13.706
80.369 15.982 74.779
68.644 60.838 11.008
80.413 34.910 20.595
56.591 2.198 66.192
78.804 55.677 73.445
65.975 50.160 59.993
51.401 17.150 3.582
98.600 29.369 9.886
54.677 0.933 39.845
37.036 92.536 91.063
73.014 43.595 21.088
10.364 93.006 84.461
48.799 30.151 44.752
28.969 64.852 57.567
75.860 53.211 72.679
41.188 38.444 1.116
26.397 71.981 87.826
56.269 39.219 74.589
91.439 29.556 44.997
60.799 91.460 46.874
9.507 87.932 36.122
62.497 59.092 65.184
28.416 89.880 52.529
27.488 91.309 15.003
11.297 37.173 76.309
38.091 93.129 32.509
67.095 99.544 7.742
51.169 87.705 83.900
72.064 1.145 72.315
61.568 0.741 51.641
70.437 4.196 31.031
67.330 0.978 62.897
95.181 7.945 37.949
21.137 7.026 80.740
65.846 33.664 34.206
34.912 66.161 58.746
90.321 75.680 47.353
98.999 59.102 62.987
75.611 78.411 56.446
55.097 31.224 57.421
99.662 11.192 97.266
35.264 39.956 39.961
9.230 18.567 58.586
76.069 12.019 31.905
73.440 26.191 50.051
67.051 44.523 74.607
0.879 93.704 10.156
31.677 14.000 56.467
44.914 4.128 6.310
40.972 87.791 21.295
98.994 82.627 51.371
4.301 19.310 54.269
40.228 28.956 39.197
77.830 26.005 93.486
23.771 32.357 14.367
22.460 87.694 47.098
75.536 64.746 15.031
30.353 10.349 98.068
87.034 73.378 61.582
51.259 62.017 18.957
9.975 27.531 76.766
26.598 95.705 37.359
33.271 86.880 89.209
50.949 27.166 48.870
61.488 49.667 95.868
77.782 59.555 1.046
55.848 72.029 73.800
11.480 19.993 88.410
74.006 80.179 87.481
73.059 33.499 45.634
6.285 40.595 92.020
64.817 42.994 70.316
28.797 65.737 35.093
31.344 20.216 39.362
61.240 2.634 13.098
99.820 51.117 71.261
94.172 74.705 7.244
25.743 42.249 29.617
87.888 86.450 61.017
7.729 2.183 14.952
53.340 47.211 96.067
15.177 93.833 63.446
48.655 8.138 52.574
13.684 38.104 46.588
40.946 7.282 87.222
77.477 76.464 61.488
64.549 22.974 66.376
80.499 1.852 45.307
75.192 32.933 88.497
53.281 66.777 87.438
32.475 76.892 66.875